26902539
22249484
26804235
21397523
24608794
21856293
25919528
19005482
26607661
21921847
25493567
25493568
25493569
16842817
19890249
15564877
36143183
15564880
15564883
27099220
31653973
19628119
28377187
21561445
24019055
14647407
14647408
25395315
26902643
29098099
22052985
24346747
23953533
27885697
41025677
16875663
19300499
25002132
15630486
28606620
16580768
10223777
9797795
9797796
39157928
11174059
21168310
21790903
21790905
29524157
17563839
21692613
16875718
37781702
21790926
11337938
29065426
28836054
11337943
36110554
3571939
37454061
23429358
28639471
24510702
38076663
21692664
28639487
28639488
29393157
28639493
9109770
38994198
20054294
39092502
24510746
21987611
27001118
27001119
27001120
12222750
16580898
11927842
16580900
24215845
16580902
29229354
15565110
33915198
9732415
16515395
23494984
21692745
21430602
25329996
10027340
21922127
21332310
12386647
21332312
11207001
32112986
21332314
27885916
27885915
21332319
24052064
39453028
7438695
26968424
38076777
17989996
21528942
17367411
36503926
21430647
37454203
11207035
29852030
38797695
21430657
31654273
21102981
18055561
12190096
23167378
38896022
24117654
28246425
21692828
19661214
24117666
25592234
26804652
25428396
29196725
15729081
19628476
34406845
11338173
24019397
21037509
26608082
36798930
16679388
20513247
32080354
32342502
20447721
27427311
15565299
7471604
37061107
30048756
16581111
25461246
25461247
25461249
21266946
17400324
19825159
35389962
31588879
24576527
21398039
30704156
15729180
28115488
28049954
25428516
35947050
23757359
23757361
26313268
40665658
38568509
29459008
11207233
27099716
37749323
29327948
19530321
16876132
23855716
29327975
26739304
34079337
40632937
16450155
6488689
29196917
26935927
25330300
28181117
39846525
22348415
16417409
16024198
22348435
26083990
29950617
21070507
25658027
18023090
19268276
19628728
26968770
18580170
15467211
12419790
27624150
26968791
19104471
17728214
22020825
22676192
22053601
22676194
22676193
26903268
9831149
35455734
28181240
25264897
38142723
17105675
26313485
26313486
26313487
29098786
8946471
31490856
24019752
24019753
36766510
30704436
38470454
26411831
12124989
38994750
39617342
34505535
36569923
21824325
21857094
30016335
37880658
22053728
16679777
30114658
9470816
11699055
40239986
23692149
37159804
38634369
23364483
39060355
21169036
19071885
37946254
19104657
22414228
23462807
15860653
14975928
29393850
33850298
29295555
28640195
29230023
28378058
11994059
16909270
19858398
8946657
36701157
18285546
17564651
25986028
18285551
25560051
15205367
28247033
21038076
27558924
19104789
25789467
24118301
26739746
31327267
24445991
3769385
21726252
20841522
39126072
9241659
27296832
26641474
23692359
20415561
20415563
32015454
32015455
32015456
21562465
24577123
11895907
22840423
38863977
21562485
23233654
40371326
23233662
19268736
25658497
11928716
19924111
23692434
19694741
23069858
17597605
25920679
23364775
26870959
24642735
17401013
20350136
29394111
19694795
19530960
19530961
15205592
38765788
22217949
36373739
25560300
23364847
19825907
12059893
17335544
28673279
17925385
28673292
21103886
17597712
38044950
32736537
20514076
20514079
29689130
15861035
15861036
15861037
15861039
22480177
31720756
26019129
29099333
12485958
17827141
19858760
27428168
21071176
18187595
18253134
29099344
21038416
26445138
15795539
12059987
28476759
23922007
8422746
19858780
19891551
19891552
19891553
38765922
24446315
19596663
38372728
20809084
25331073
18810246
26674571
18580877
25560468
25560469
10880412
11699614
35456416
28181923
11503011
11503014
37914023
16385453
16319918
17761710
34407866
25232828
40207808
25953735
28050888
17696202
31393228
39093709
12682708
10683861
40469972
38438359
16778723
18482659
23266789
25069034
20383212
30672376
28509689
30672383
30672385
34965002
17106442
11240974
18548238
19564049
11240980
19891732
35259926
20022809
18187806
20153897
18417193
10716719
23529007
22808112
40109622
27199033
21825083
23135803
15533655
32802391
20547162
15500895
26314341
25003625
27035242
29066864
37815926
22283902
24643204
27035272
19859084
20809362
22906516
22349464
38143640
25921178
26543771
25298588
38504095
38930092
17761971
24970932
31557306
40732356
39356102
19203783
19138248
28346059
37947089
23856853
23856854
29099735
40863448
21989078
26445541
14681830
4818663
29198060
22775532
21628662
21628669
26216193
30902024
28444425
23299853
21923605
14747421
37553950
29263648
20383528
19695401
12846892
30967597
21628721
29525816
21104443
11929404
17434445
9111378
26937172
26871639
28739427
41027428
39978853
31033190
16123753
22480748
16123758
25495407
25495409
25495410
25495411
19236730
21366650
21170047
14583680
14583682
40437642
16418702
15992732
25069475
22153130
31066027
26773420
18515891
27527109
26544071
23332809
20416460
17008591
21989330
12191703
18941913
40699872
27035618
12453860
11208681
25102313
39159789
25266159
19204081
24086514
16844790
15632378
28837897
21956618
23726091
20547595
26937359
34834450
28346387
34048027
25430046
19400747
21694509
11372592
24643635
29427770
33622083
37521485
19433561
24152157
24217698
33097827
36833383
28182634
36210801
19531897
24316028
40470653
12814461
21301380
40142989
28117133
11470994
11470997
9177237
37357724
25266342
25987243
22415532
16877740
15337646
18483375
31099054
12912815
17008819
22546611
39979195
24152261
19531981
21334226
19761367
27298017
30181602
24021217
26216687
20809970
26806518
38963454
32082176
22022402
29755652
1247492
37554438
23922954
7964939
23431434
15206669
26020121
21072155
22350108
19106083
19106084
17434921
26872113
18057531
37194045
35457347
26249541
26937673
21072201
40733022
22940005
35916133
12421483
17697139
11012469
22940027
29624706
27756942
41126293
20580759
40405401
17467803
17467808
26282401
18024866
31721892
29100455
40995240
22120873
18188716
19302829
24447405
9439663
25823661
25889207
27527610
8554938
28117434
31066578
32344532
26282453
19827168
39913956
36145636
37456358
19794411
19794412
39619061
25266679
25266681
18156033
28445187
28445188
20089352
23267855
23267857
21039637
28871191
36145690
21498394
27888155
33589790
33589792
25823781
25823782
26774055
25823783
25823785
25823784
33851947
25823787
25823786
21826085
21826087
39488053
32344632
24709690
22252093
12847678
23071293
21269061
23628358
25987655
26151496
24709712
9931346
27069012
19434072
11602521
19434073
38996572
23530079
23562852
17697394
19270263
22186618
23136901
33131142
20220551
25201288
9472650
30345879
36571802
12880540
28084894
28084903
26151596
23857836
20941486
17828532
9865912
29264572
32606912
18451141
22481606
18057928
22547144
21596874
17337040
1346258
35752658
18615004
30870237
26184414
23628510
28379874
27396837
20548327
36211438
16583408
11668216
11668218
11668219
18221820
23104259
30870275
26544900
26086150
23071495
20351750
41028360
7408395
18385676
12651279
40962832
37653272
29723426
17959715
19204908
22612784
19663669
38636352
26905411
28740425
37686089
18385739
30706508
32475982
38341456
22907730
22907731
22907732
36309848
39652193
27528039
34081644
16386926
30739312
22285168
18484082
40766322
18615156
36768629
1510267
18680700
37489533
15108991
15731587
15731589
15731591
27593608
30051214
24710034
28609430
18713495
21892003
9014200
29756345
9014204
24120259
28347333
19663817
10652619
26086348
26086347
17370067
17632216
25988058
33000414
24251363
16452582
33262574
22285300
16944116
15993850
25594874
26774523
37686266
25529343
15993855
12782596
28838926
2231320
25365528
31755291
20515869
19926050
39717930
28806186
38669362
19500084
22383668
19696695
22776887
22383676
25594941
7474246
20712527
20712529
16321621
34114646
10751073
39816293
18058343
26250343
8195181
7965806
33393779
37882999
39586937
26774659
24382596
31624332
31624333
20417680
23399569
23989394
11668625
36015253
19696792
19696793
24513691
18713756
15666332
26348712
39718059
8653995
37194923
18320559
19795123
25398452
32378051
24906949
29232328
37555408
21597399
15830237
18779360
19238117
30969062
15764711
27561198
11046127
17698030
38440181
40176889
31853823
26316040
18222353
18582803
26873108
37424405
22088980
18222355
29723928
20679960
20679962
31362332
12651805
36572447
26807589
36932910
18713907
18025780
20647221
37817654
39488825
20352314
31493434
12127547
16911680
19860800
16911688
12356937
19893579
18812236
11767116
20680028
1969501
29855074
27168100
22547813
27168101
23629159
22941032
24612202
17206635
27463022
28314991
33230203
16387451
15502717
16158080
28347776
12684679
24448396
26381711
25955730
26906009
36408735
16453024
27987364
17534376
26086825
19467705
36277691
21958076
23891399
26021325
27233747
24907224
29101530
29265379
19303909
22875622
28380657
12848631
17698299
22875663
27397648
40930831
39390741
17698328
35884569
21466653
10653220
12881446
24088113
19205682
34246203
24088130
11505219
11505220
11505224
23400009
22515274
23400010
22842957
24383060
27790938
15208046
29920880
37850738
21532277
24743543
19205754
38669948
24448639
10096261
16682632
23236239
19926672
15077009
29953682
15077008
29036176
29134491
17501853
27266721
19074728
21892778
20450993
24481458
31854260
24710841
31854268
26906307
33722066
31461080
31461081
15797993
26644204
26644205
25825013
15470328
19238649
29396738
38997771
39030549
16912157
15044381
22122271
14716707
23007012
37719844
26152742
34541364
17207095
14520122
8687424
22024001
39522115
21204807
38506312
17108811
29691732
35426132
12422998
24842074
16879459
33165168
11079536
28184434
12914549
18386806
27299708
15961980
18222980
36278153
29986700
26513304
27299748
27234217
18452396
24874929
21368754
36278195
18681781
19369910
10915767
16551864
29593529
37490620
19861437
31068094
18452418
16388034
37851084
20680652
15044558
38637522
37097441
24973281
16551910
24809448
20877297
20877298
21860339
20877299
20877301
12193783
4722683
40964095
24088578
24350725
34967559
26775563
39456782
16355344
1839129
34672687
12095536
36245555
15274037
28217400
32149563
25989180
39227453
21663814
23007311
18485328
16322642
33001556
40341589
40341591
10850391
16027735
24350812
26218592
11997281
22941809
25989235
31395958
26153084
17764479
24776844
18780301
20222094
18092181
24744093
12325023
25268394
28512430
23007406
24121523
25858232
17764537
29790402
30281924
21860550
18616518
20385995
29790415
25989350
23990505
20091113
36606188
31559922
18485500
16257277
31002879
18551042
18551043
9605379
25989378
21270790
24875272
22974728
21795085
38441233
22909202
22909208
38474016
23433505
27758888
9408809
9179433
8655150
15864112
15864113
22417713
29298995
17600820
15864115
30085428
15864119
28938556
15864128
26710337
21205314
15864131
15536456
22188361
22188362
22516052
39457109
39489878
18223460
20615525
39063918
23859569
23859570
23859571
23859572
23859573
23859574
31789429
24252789
24383873
14520706
40604035
22843789
24842639
38637968
23400848
25891233
19468717
30020015
28316087
23073208
26546620
24220096
25039301
21991891
17306068
12784098
26153442
16912869
21828074
29102571
28447211
9867757
21303789
24089073
24089074
38834682
26284539
1774074
15634941
33788417
18256392
31560202
20124171
22417933
14586389
34476566
20845077
20648473
21926427
10097181
24154666
17502774
20386359
36475448
16912956
16912957
22581822
29397568
16847428
34280009
26415694
39850575
22942289
29233746
37360210
35394133
31953506
16421475
25563748
21107304
38507115
21107309
40964718
35852913
35852914
21107315
27464309
21107318
27660918
17175164
40014467
34149004
34149005
17568401
38572689
5345938
26219158
24908438
38769303
28611235
20714149
25825958
30806694
23990957
34083506
23007924
37458617
23073467
23073468
20386493
26809022
38736573
29070014
10523341
40047317
26645208
29201113
10326749
39555806
20353758
41095904
28480228
16782057
22450926
21205745
20386561
25989890
11866883
27661060
18191112
22680342
18387740
38507296
29791011
28611364
29791014
28283692
16847664
17404720
18256692
17404734
17568575
28676933
23302985
10490697
38540107
14652237
34575187
37458772
37458773
17011540
30479191
22123356
38310750
34476898
20714340
37786472
18322281
14553962
19207018
19207028
19207029
39490424
19207032
27005817
28775293
20157310
38179710
22057858
25793413
18518925
12915598
20157331
36639636
25367448
29234073
23991193
27595674
38540209
34116533
24417206
23204795
27104192
31134657
15963082
24024018
23335901
40178659
24581091
12522467
15897572
11408373
32838647
17699831
22549502
27399166
25891840
23172109
28972045
19108880
25203737
24220697
25203738
29135906
32969762
25760804
35034150
27857962
21566507
29955115
24384557
20812847
39523378
15930419
19272758
19076153
17470523
19076156
15569990
16979018
30544975
25007187
7640149
7640151
40834135
27530327
39752799
9409631
19240053
24351870
40670336
17339526
29889674
38540428
22189199
36246675
38835350
36836506
24253594
30250148
28087463
37688505
40867022
38638799
20485328
16815313
16815314
15635667
16815316
16815317
25564374
16815318
22385882
30119132
27825374
35853541
35034348
26186989
17503482
25695485
20452607
24352002
18945287
20681998
15570193
14521618
15570195
19567893
23041303
12883230
14652703
39949600
28382498
23237922
18617639
40375591
17241387
23860526
28480819
16127283
19371317
19371316
19010874
27333947
16160068
9246020
21435719
24712521
16094537
21599570
26088794
22484315
23860572
7935325
24122716
24647007
33953123
37098852
37098851
22713701
10982760
12686700
31462767
24188272
7968118
30020991
24647041
25695618
18650507
22418828
22353294
28087700
21206424
19862937
17110455
20125119
20125120
12883402
12162507
29136336
38835664
19142101
24122840
19142106
25499099
17339868
8033754
27071970
23926243
21075428
17339877
9049581
40932846
24516079
16258541
11802100
25466363
17667581
24974847
40932864
17602053
17700359
25171465
23729673
17700361
11146763
17700364
39720462
30381583
34346513
31823378
11933204
26514968
21173786
17602083
27104815
28186161
18322994
10491443
32413235
22648373
16815679
22124095
21632579
34412101
37656138
40080971
28743242
12621390
27727460
25597548
27334259
15668854
20354686
12031626
24549002
18618000
25794200
27530904
18781850
18781852
18781853
40146606
28087982
27498158
25040563
15210166
26580670
36935366
19764934
18421452
21239504
17667795
17667796
38934229
38311638
18978520
23959273
23959274
17503978
31004399
17503984
17700593
17700595
19273465
33887993
21993215
37099271
30840592
26810133
26810134
17241877
26810136
26810137
34805533
20649757
26122019
28350251
19863340
15767339
25171759
17176368
25171760
29923122
24024892
27694910
24024895
24024896
24024897
24024898
39720770
21698374
40048458
41097034
29497164
23238479
23467860
11474773
19404631
27432796
23697249
16160620
17635182
24090479
17667959
18093943
20223877
11048840
25991051
40081291
28448657
25008027
38999967
27858848
30971809
28678049
24909733
19535798
34871222
38279097
28940218
20682687
25958340
9476037
25958342
15538128
21993426
12359646
22190063
39884809
26777610
24614921
30775324
39688234
40900652
38377518
27498543
38377520
25761838
27564082
38377522
39065653
30251062
1415224
28350522
26449981
39131200
33462346
23894093
27859023
23664723
20584552
22845549
16849011
25991289
28383355
24615047
1546384
8689810
26876050
21534867
8689813
21928084
26744986
32020635
17111199
38344867
19667110
15603879
11278503
27793583
23107770
38312123
28940478
30906561
9869506
28383427
27564227
24123600
37394642
11966680
7903454
31594719
38050015
39327966
17111267
23402725
22485222
15505641
22354160
28481785
25303293
18618621
27695358
25303296
25303294
25303297
30578947
25303300
25303299
38443268
22092036
12425480
25630984
25303298
7969038
9738510
21666065
20453658
27236640
21174568
21633320
25532715
26220844
40769841
12359989
28711222
36804920
21633340
38476095
19667267
20814155
19274060
20814157
21338443
32348495
29104462
23894347
21535061
21174619
28481884
21174621
15898979
21436775
40573287
26712426
10393963
40573298
29333880
36739459
21961091
14653835
30611854
11311507
18323861
28252572
28252574
21076384
12360106
12360107
23992748
12360109
21764527
29465008
11901361
29661620
12065207
40704440
15604153
20650435
20945351
25860557
21404110
27335128
28088792
25565672
25565674
24189425
22190578
20814331
22551036
18192896
18192898
17242628
14653957
20421126
35658244
27007499
37820941
16423440
18520597
27564568
21338649
34511391
19077664
17373729
26450467
39426598
14522928
28973620
21862974
16947783
33135175
35527244
22616655
28482130
23337555
20978260
20978259
21502555
25500252
20847201
23435876
18815589
27368038
31201901
26122863
26122864
24517233
23599738
15669884
24418943
35527301
19339912
26319500
23730840
24648345
27400856
20224667
20060832
26745506
29399716
24353446
22026922
22026923
39459499
38673067
20683446
18455228
37460671
20847308
20716240
27663056
23173844
37460702
27138785
23272163
25008867
37591782
17767146
29039339
28941036
18946804
40114953
10459913
26024717
39754510
17439508
12065557
17439512
8952600
28777242
19077919
37755681
25828136
22911785
23730990
17439540
15735607
21109570
25893704
17931083
29203276
25860945
23632726
19274593
37952358
28121959
17898344
28187506
37198710
23337848
17537913
20585342
40901525
29662106
38050720
28154789
39492517
10460069
26745768
32316326
26024874
31595439
21961650
21961651
22682551
27139004
14687173
15932363
31857620
15834068
12065748
8592342
22846425
20028383
23763943
23305195
24026091
19307503
22453232
30874608
21502966
19176441
22158330
26975227
22158331
22158333
17341440
18521091
24386571
26876947
21994515
21273624
30022682
30088221
31562781
23305245
25730082
30907440
19733552
19668019
39197748
29432897
19373123
19143748
21273673
25041994
24910925
38640718
27139155
40016980
40442974
30776417
23207012
16456808
27073641
27958380
27958381
22158445
22158446
36215918
20126830
31792237
27597944
23567489
23567490
31628422
21273734
22617224
22584459
26877068
22584460
36773010
38706338
22486182
21437611
35364012
25074866
34380995
34380996
21306565
28744905
23665868
17702092
17898703
21830868
37493972
18357466
18717915
23633119
22256867
24911077
26352872
37166316
21241071
39492848
31792367
31792371
30088438
25730298
21110013
17341693
9149697
25894154
23665933
36248867
18816295
27729204
10591545
40869181
26320194
11672906
16784736
32152934
18652519
32284009
20585834
38215018
15900015
20389235
20127091
29629814
40607100
34545025
21142914
21142915
22027652
21142918
29629838
23600531
25730470
23567787
19504558
40672687
25271728
21110192
23829937
20389299
24223155
27893182
26254792
23764426
24583629
30383575
28351962
34512354
28548579
26222057
34512362
24681963
24681964
25665007
19865079
24911354
10755579
22486528
39558667
20454926
29236753
32874001
23371292
28614176
35102242
21437990
25239082
23993903
15900215
9510461
19177029
39263813
22486600
28614221
16522833
8101460
40083032
38674010
12852830
24059494
37920361
25992810
23469684
26779253
18685564
26189437
27270784
990860
15179405
36970128
26517138
24747667
15179414
17178264
17178265
17178266
17178267
17178268
20520601
9543323
38248103
24125101
38379183
25566896
16719544
16490169
24551111
29236941
21896912
25960145
25075423
38837984
36708065
17112802
18030307
17112805
26222310
17112810
17112811
25239277
21831410
22912756
2858743
22879993
26681084
27139837
22552318
23895809
37101315
23142150
20979470
19635985
32022294
23797529
26812186
21077799
25042728
27991849
32153387
24911663
24256307
17375033
12492608
25894721
38313794
26287939
26287941
21962566
19308365
15933261
16981842
28745555
20520804
36577124
28745575
28745576
28745577
22749033
21733227
38674283
26615671
16424824
23666564
36118414
25796495
23666583
19898263
16392089
25108385
21503910
16293801
25239468
21503919
38543282
25042870
11214775
17047484
17047488
22585284
16129989
21995462
17047492
20029384
33759177
27402191
26189776
24322002
24322003
18718676
28418009
28418010
16130010
29695967
25534433
36741090
25665511
38772712
23142377
38674407
27500523
34480108
25567217
38674430
29925376
21831685
23240711
18784265
24682508
27271184
12886034
23863317
25829401
27336732
22192158
20226083
37920809
38019119
26615857
18292785
27926584
37855290
12656699
22388796
12623934
22028352
35135554
23240771
19800133
21635144
21635146
21635147
40050768
24223824
11477075
19996755
19603545
17047654
39723111
20881512
19636336
19636338
19898482
23371894
24322170
17473659
18325643
18981003
39329936
18981009
21209234
11673748
25698453
21700758
31826071
11673755
30908574
32481444
28614820
26419366
26714287
30318772
15737014
28025020
23371966
24355007
17244352
40214721
18784455
18751689
36708557
27992285
11575529
21111021
27992301
21274861
26419450
22520065
21602569
9511177
17015050
17015052
17015051
21504270
17015055
17015053
27500822
24322329
28090653
32055583
23830818
28320034
25501988
25108775
8986921
26255664
17473846
17473847
36806969
40182085
39919950
24846673
29073750
20619611
21537116
16621918
32448869
18784617
24748394
16753003
16753004
37560683
20390257
25305458
20390258
41001332
23208322
15180166
24420746
12919180
18784654
9609616
6103441
12919186
21176721
16458133
19997080
39068057
40968602
21930396
29991328
19210659
19833260
17637808
26780085
38576571
8823231
24388031
27402691
8823236
8823235
26616266
17965519
31269327
26780119
11870684
23175667
27566582
27599351
24781308
16818689
30482948
29925895
24879639
27533851
22192668
38707740
20881950
20881953
8004131
21799461
31957548
28844589
10101295
19112496
26780210
20488759
23863877
39789135
11313749
37397079
23503447
22717018
25403995
25403996
20849243
27206238
23503455
32612964
26944100
26616421
27566695
17146470
19800676
33759847
27632229
23077486
32088688
19604081
26911349
19604090
38445694
23601795
25141893
18424454
25141896
18162312
23437966
33858192
20456087
28222112
19473056
21996196
15606441
40936106
38904499
26223287
22258364
25141953
18981587
29205204
28877533
30745309
24322785
8659683
19669737
18457324
17900275
16458487
19047159
28975866
16720636
40313598
26878724
34153224
21537551
23733010
17343250
38773528
39920408
23470885
23733030
19374892
25994031
17081152
24224579
20587336
22422348
16163667
28812116
30188374
21046104
21570397
38216550
27272046
40936312
26977146
28353407
18719619
37430149
38151046
23274376
36873097
39068558
18359183
24060820
37331863
26846104
24322967
19178400
37266339
39068579
26616742
27403179
25469868
26911666
37626805
35431360
11936707
30450628
39101384
10200020
24978393
27763679
35267552
17376224
27173875
36152308
31794166
25240575
37757956
15475735
35169303
29238301
23372834
26387494
40936486
19145769
36742186
28419121
32285752
19440701
38085693
20358205
19375170
24519753
40248396
29369421
26715213
24224851
25863251
28255319
29992026
20128861
40313950
33203295
22389859
33203301
16458854
22094953
22815852
30024814
26780783
26453102
39658609
17671280
24945780
24192117
24192118
24192120
24192121
21243006
28976264
30647433
23209099
15213713
39920787
30647443
39462036
17245331
38380703
31728800
38315168
28976288
28976299
16917677
20194480
11543734
18687167
19932356
36938952
22324425
26158282
36250837
23241943
20030680
24126681
41133273
30549211
12657887
27698403
40346857
17671401
24126707
24126708
40346879
18195716
32220422
21832968
25339146
24061200
18195729
26125586
30549267
21505298
24257813
15213846
12920080
38741273
23962907
17507615
21505315
40183079
29173032
20456744
18425130
23995691
24192302
28550450
28091702
21734714
19473722
28550460
23831869
37201212
38479169
25175362
26223945
21931346
7284051
25306451
16950614
27338075
16819548
26387812
12920168
22947179
28550509
14656880
15017333
34874743
6432120
10233211
10233212
26191232
14656901
12920202
20194698
24782221
18687376
14755216
19506579
16917910
26518936
10888602
8988065
26518946
11937185
8988068
21898657
26092968
23963056
18982321
39265714
40084918
20620727
16917943
27665849
14624186
15377847
26191294
10823104
27043265
38774208
21636554
38381003
22357454
22455762
23340505
25732572
30221791
21079520
20129249
17049058
17704420
41035243
29926893
21636598
18589174
30713339
24225276
29107709
23602689
33236485
24061445
23963147
18294285
24192531
21931540
24192532
40281622
18294295
20555294
9315872
34350628
15148588
18654768
40379961
23275066
15083067
18294333
15083071
39069255
17999439
1844820
25896535
38741591
11380317
23438946
18785891
12920424
20653674
20653676
26125934
19277427
22947444
25994870
24225399
26191484
25372290
36316809
15115913
14624403
27043475
40740505
23799451
27403931
24061601
27010727
21374656
10626755
23996099
9578184
1451721
17016522
25241292
22947533
31401678
28157649
8562390
27567841
18261733
35235559
25372392
35170024
23799528
10823405
39954158
29894392
21735164
23111421
23111422
28485375
15476481
20031235
27469576
26224397
38381330
15116051
15116052
15116053
15116054
38840095
38610733
39954223
23930673
18622257
23996211
25831219
19048245
23930675
23930676
36710196
26847054
9316174
21112657
21112660
23635803
23537502
32024416
26257249
19801957
24684392
27993963
34482033
25536375
32483200
37693312
24815493
37693320
37824400
17409936
19605407
21047200
25995169
21047202
17180579
21047201
21047205
21047199
32843687
25372592
25798582
22030266
37332933
18458567
30779340
24684492
20195289
20195290
20195292
25798622
19343327
18261986
29239269
17115111
17049586
31401974
27666425
23898114
21047300
17606663
26847243
21342230
25143324
22587422
19474465
23570466
12429347
23570465
23570467
18458677
27109434
31664190
20031551
11741249
22390861
23701583
16361556
18655316
22882391
24193112
8530011
20031582
39528547
16951398
29534310
10758249
24815731
18851956
20031608
40741000
20031628
31402126
36350097
23603345
40315028
17410198
39299224
15739035
17606812
16361630
22718623
25405601
7547049
36055212
39626927
15902904
19638460
14985404
21145801
21145803
21145807
8825043
23963862
28059867
32090339
26781925
20064494
19376366
26421491
29731062
19802360
29436156
39069949
24062210
40184070
15247625
26323212
37497103
21768473
40511772
23669020
38676765
25110820
40282412
31107373
18950464
23505228
20523342
10889552
31041874
29206869
36186466
19474787
19376484
24029542
25930089
25209194
14625131
19704172
32024945
22292851
10692979
27339126
20818295
30222710
24750455
19376514
20621700
40774024
12724618
24521109
15903128
32123296
20392357
40413606
24816038
21637541
17344938
30648747
23144877
32778670
21801394
17541557
31402421
23407047
23407048
23407049
23407050
38676936
15542732
27797974
25602530
39660002
24422887
21244392
10594793
24619498
17934830
37857778
40708595
31599092
25012726
19933691
3582462
35105285
15936011
24717838
24095246
28453395
28715540
28453396
24193570
17803810
21965348
23734829
39135792
25274942
22260295
12069454
18983505
18360915
22686296
36973144
22293084
11446878
19704415
17803873
29239905
27241063
21178985
21178986
15968882
22030963
38775421
27110018
37530244
16034444
17509004
21605004
22850190
26323598
34515605
17083032
27896475
25111199
27175586
23210659
28256933
37202608
22882994
25832119
29043387
19901119
19802823
29502154
31337162
21572301
20622033
22751958
40381142
29076187
26847964
17541852
21441248
38709992
27110128
15608561
22981363
25701109
10234617
23374588
15805193
20130569
31206155
16821005
15608594
15280927
27142945
26618658
25340733
11840318
15149890
19671875
31959879
25963335
28289864
27044681
28289867
38906700
20196170
21900104
21179214
39201627
26061659
17541984
17148776
25897834
22784880
27143031
25504632
23604100
29535109
20720517
33794950
16722833
20818834
1354642
28453780
26880915
21769110
16788378
16788380
32451486
14560161
29469606
16493479
21900198
24521642
16493486
19606452
37202871
25897911
30485432
10824636
22457278
9841604
19835846
37891021
12921807
22391769
38874073
32451547
27503580
36580335
38906864
20065266
22948856
25537528
19016697
16198652
26192892
25701374
16198655
16198654
15051775
11054089
21277709
16952345
16002074
24685597
30518301
16395295
33205280
9415713
25734178
22948895
22293537
17148966
16493607
27503662
26389554
27339827
23571513
8563771
19016765
37858371
29666375
28945481
28585035
36580432
24915025
29731921
40512603
21507170
38186087
38284409
20360315
28322941
33336447
22129793
23932037
28486791
10071185
25504915
24554646
11545752
25177243
22555810
16985250
21933224
26324139
16952495
17050801
26651826
22588607
27798726
41036998
27995340
37498067
18722008
34843875
22228204
9284848
28388599
29469964
12037390
34843922
17673491
15707415
37924126
23080225
11250978
33402148
30256423
24980784
20032820
28323125
21343546
39628091
34680127
18394438
31206740
29207898
24128861
37203300
26652007
29207912
24096103
38579568
39005567
24718721
21081473
21147013
40971654
26946962
24522145
24128935
25406899
27897268
27897269
23375287
35237305
25472448
40119746
22490566
36744646
28814798
24980946
31108563
19770842
23670235
29502940
24030684
20819423
28290528
34483679
17444323
23473641
20819434
38612458
20393454
21868014
15052272
18820594
37891571
23408116
21245432
27143689
12627468
38612496
27864592
19672597
34582038
39628313
22064666
15150618
20622880
21900837
22294058
25669165
15773232
27045425
22162992
29568565
20196918
25079360
39300676
40152645
19934793
40873551
27864660
21900886
38678107
23113310
25210463
37138020
21048934
19082882
24817302
22949529
39038621
12955294
21474982
37596839
29273767
26521259
41037485
17968817
27799217
23277235
11054774
28389049
37891772
23277250
24751813
35335877
23441093
19279561
40316617
31796940
28290770
24293076
20066004
34483924
15544025
18591455
23736036
24293093
18591461
39104238
21114608
8728305
15118073
40840956
15183620
40709894
25964295
23834376
19738376
27340556
37564175
19148563
38776596
23736090
29306656
38907686
26488616
40054571
38809387
23736108
31371054
36613935
38809397
35335997
17510208
27111237
16133961
31829834
22851411
27995989
39858006
23277397
16691038
27045730
37269349
15708009
12496751
29273968
23703421
30420869
20393862
22491017
28094348
21540761
21540762
30289819
16920476
21278619
19509150
17510308
18460585
32452529
37760947
17018806
16330681
26652611
37990344
34025422
36614097
11186133
11448278
11186138
39432161
23146466
23146479
37761008
16920564
22982650
20590587
20590588
28422153
20688905
28389387
37466123
37531661
15118351
26914831
10661905
38285330
38514707
15282199
15282200
25931799
38809628
37597219
31698983
16724011
21671989
41168950
12345
31699005
26030142
18690117
26554440
26882121
23179337
30322771
39727196
29208668
31043678
19902562
31141989
39792745
22130800
19247217
35303539
30453884
22818943
40185984
21606533
30191759
30191766
29601950
19247266
20492467
20492469
24752311
25637052
36253887
40644802
36974789
24096969
39465171
16003289
34320604
34877660
34320607
20459744
28356835
40939752
25014506
2502894
39071983
5091568
38908142
11710708
12759288
29536505
26226939
41136382
25145599
35205374
32813313
9711875
37695751
28750087
40513807
19280158
23965986
18690342
19542315
38547757
19345712
28750137
28651844
28750151
16822601
35434830
39563600
38580563
27439447
27439448
38482263
28488026
28324194
10498402
17215846
26653034
12659
27898234
14659971
26521987
39727500
18657677
21148049
19968402
26227094
21311897
27636122
16855453
29667742
11809184
25702819
16396707
36581799
26751406
27046326
26194361
38580665
26194362
18821564
26325438
28783044
38285784
22688218
22688219
36942299
39891427
21770725
15970794
15970795
22950382
15970799
26358256
34583027
25735680
27406852
12825092
25473543
26587656
22786571
29733390
27636246
31666714
39825952
21606946
21606948
33501733
35697190
34910759
25899558
28160554
21934636
21934637
26456622
32158254
30421550
15249972
24359476
10793526
12694072
38613561
33141308
19444285
16822847
37728834
5026380
40055373
24851022
10334805
28947035
27767389
30323313
21246582
28521079
9089660
11907712
25080450
21803659
27767438
32453264
25932441
29504153
12464799
37925536
12464801
28914344
12202670
32715442
34616002
23212742
23278282
32256718
18559695
23900887
40743639
20886236
16102108
23245538
40645349
12563174
12563176
34648813
21705454
16462575
26784512
30192390
25408262
21148426
26555147
26063633
23835420
33829662
36877088
31666976
15708967
20362026
40055599
20853551
19346234
15545169
25834322
19673941
18330458
21803869
11350878
25801567
10793824
18854753
25047911
24195946
16331627
30684021
31699831
18854776
18854779
31961981
32813957
19706762
38548381
24359841
28685218
18854828
15086512
28947383
26555332
27472837
17609683
19018717
1979357
19018719
26915813
39367653
19706858
22623212
37794799
25310192
17183730
17413111
33043448
23213055
40350722
30061570
21640195
26915847
33305610
28947469
20886544
23933970
30520338
30520341
23376925
20362271
11875364
23147557
35107877
11875366
27800629
38253626
36942908
30848065
23016521
38450253
17577039
18854995
28685396
12891229
39564382
35042400
30487649
23999597
21673069
34911343
22590580
19018870
36582532
18330759
19641488
20526235
21410976
36222113
16495778
21902499
21902500
21902501
21902502
21902503
32519344
25441457
23803057
29504692
40547509
30651574
11547828
35763385
31896765
23147717
25244877
37795024
24687830
30094551
17085664
15906019
19150055
16299241
34747629
17380590
17085680
34747637
31634677
21902584
21083385
25965825
25474306
28816644
38778126
22525200
26195225
22197535
20002085
23508266
22426923
33731884
33731885
18756910
16463153
39204145
25834819
20165956
28685643
12137804
37270865
21280081
33961299
40613206
19969374
25048416
20952418
25638254
26293616
26490229
40744310
28063098
9352573
14660992
9352580
22230405
25769357
29668752
28685716
9450902
26817948
7550366
7550367
39237024
7550368
10073515
26162609
28718515
3356084
19019189
30520759
30520769
38680001
23344581
16168391
30815689
22394315
21083596
16004559
24819158
28030426
29242847
40711648
15840736
22296034
40547816
46571
39564784
26129906
26490356
20100600
28358139
7648764
19576320
12629505
25966085
39171589
19904007
21280267
19904013
28620303
24557078
22885912
23311897
27604507
39171626
35108398
21345843
29341237
11318841
29341245
20723261
19183167
28030534
39204422
16791115
16758348
30324302
24917585
39663186
24589908
24589909
22492761
22328925
24950369
30455395
21149285
18855526
27833958
7845481
12662378
18855529
18855532
18855533
30815856
25998968
20133509
40810118
26556041
24950410
20854418
36484758
28325531
27702941
20559522
40154787
38745766
25769643
26261165
20231857
15447734
40875702
35174070
19281600
18790089
22951632
29210320
18167504
29210323
25147095
29210328
29210332
17872605
27440861
29210335
22918879
29177570
35272420
38647526
23377640
29243113
19740397
24098545
23148286
28686080
21739267
26392323
39139076
22886152
21804810
28653333
40744734
37074725
17610534
29603629
26392368
15710002
25704243
30357299
26556226
20592455
20559687
38614858
14726986
20887379
23508821
20658008
25868121
38451034
25179995
38057822
22591328
20035425
11417443
21837673
23574377
18200436
17184645
19937159
25245580
30652301
24360851
19019667
12695469
40712111
33404848
18593715
10434486
21739446
20625347
22722500
28358597
20625352
15349705
24852429
15022030
9254861
25049040
40417235
15349717
28686294
24262617
26916827
27441116
25049054
12728288
12728290
25802725
22591463
28391406
28391407
38221808
27932669
21247998
19052543
15742978
34158603
23083021
31242253
18429967
16955413
25311255
23279643
15775779
15841315
37763115
37763120
37828659
25081908
29374517
18397238
29472822
29407288
37500985
8828983
17020982
23771192
79931
40908865
15808586
20592726
22427735
29177954
19773541
24655974
24033383
18593894
18430057
29472872
26032235
26556524
16201835
15841390
16595080
40974473
37042314
17512587
35469450
24656015
22788240
18561168
25311385
31406237
36714653
25376930
36681895
26556583
19052714
29440178
28358842
26228923
26458301
16431304
37042388
38353109
407765
17283289
35698907
28063968
18594024
18004205
27670765
27670766
18004207
9713905
9713906
18004211
18004210
25278709
26360046
27670767
28031227
28358908
18594050
17611010
15677700
18823430
24361227
26556688
21248300
20003118
15284534
15284535
9517369
15284538
24590654
21346624
38385986
22001987
24492364
25999694
26982740
25999707
37337448
19020143
26458485
26491254
22329723
15743363
30914949
38254988
12269967
29178257
24033692
21903774
31144350
24033696
39041443
29866411
25278896
18528690
24590773
37108150
15448513
25344452
24394199
16103896
24394201
24394202
21346780
38287840
13679074
28719596
26425837
28719598
27900402
16267764
26622455
37468669
38877696
7617034
38287884
22231565
30325262
22231567
24263182
16857630
35207713
23247396
14760488
23280169
41007658
18987562
38943286
38156857
17709632
22624833
28326467
23149126
23738951
38287944
29342288
3816019
38713940
17414739
38845014
21084764
26655325
21969500
9779807
39991907
37042794
27409003
27179628
31799914
18332269
21510767
26196596
21052022
25082493
18496125
21281405
21052032
18496129
26524290
21052031
18987654
18987660
16595597
12728976
23476897
20855458
33929895
27671213
25246386
26229432
32324284
22100668
15940289
24066763
18070221
16890574
22592207
29342418
16890579
16890578
25869013
25869015
25115353
30653146
18299612
40155873
18594531
30817003
21543662
19151602
25934581
33143542
38124280
26655481
25311995
22395643
23640828
32815870
22723326
11156223
22395644
23444229
23116553
11418378
21576462
27966227
39500567
23837476
23837477
20560679
37894954
25115434
17611564
27802415
12663600
39009080
23444281
25115449
15252283
29702976
37993281
22821704
24951635
5061461
12434264
24525658
37141338
20593505
23280482
26426211
26426212
30784356
30489455
30260084
24361844
11418485
19741565
23640958
26360703
23149441
10206083
31636356
33799050
22854539
23640974
26033044
15121303
18267032
27507617
32848803
11156391
25279405
15743917
20724655
19381165
25967538
12172211
10959796
16202677
29998006
21576632
12237752
18693052
36256705
25869250
18398146
19676097
22428615
37534663
38517706
12893130
16595916
21216202
22264780
29637588
34683865
20921307
16628701
20233181
20691935
24329186
24329187
30325732
8698850
24329190
24329191
20200426
26426352
37272562
26590194
19020788
40549373
23313410
26360837
28261382
20036620
38714384
25148434
24820765
29735966
24820767
25246753
18234403
26524713
23510058
29113387
25148458
14662702
12172336
21511217
34520119
20724801
20200517
26033222
26623049
15121491
24230997
22428763
25705565
21544031
39500896
11779172
27114598
22527101
28261502
25115783
21150856
29080719
37829781
23280790
11910301
19119263
27180197
17906856
18496682
21150907
22920393
22920394
17185998
39468242
17611986
38714580
17186005
29375701
21740768
40582371
24853734
21642471
32095466
34585840
20823282
34716917
21183746
38321419
28556555
29539600
23706899
16956694
14695703
37633306
39107874
26098993
37109042
21806387
38059315
21806385
25673014
30653751
21806386
28589365
21806388
38747453
19578179
22592842
25738571
25410891
25410890
18300238
25410894
25410892
31014225
15252821
15973722
15842651
23149928
15809899
22527345
22527346
11222389
26262902
22723959
29048184
35470713
26033531
24165757
23936393
37338505
21839244
39796117
7159207
23510446
11222464
30883264
25836994
40156608
29867468
19545554
23543259
21151198
24034787
25279974
29998574
14499311
26164721
16432637
32587261
16104959
34061827
24690180
27835909
23313934
25312789
28261910
34553372
23903772
39468580
29474345
29441581
24231473
9551410
29769267
28786228
9420339
28753467
23150149
20921925
23150151
35110472
20168265
19545678
22134350
23346768
27770449
39829075
22625877
37273173
17579607
25411163
28687963
23510626
19414633
18759275
16236141
20921968
14499440
20921970
19381876
21642870
22101623
24821368
38518393
11386497
33013391
38616723
40910489
15122075
34160285
29703846
31866536
37469869
40812208
22855348
19414708
18759349
38878906
22429379
40779463
24755914
38682317
38026963
26590936
27180762
18398952
28753643
23707372
23674605
38682355
28786423
32128760
27016952
39272186
9322235
39730940
19644155
18398970
28229376
16170755
34488071
27082504
23215884
23215885
24624910
21118735
24330000
23215888
24624914
24526611
19840783
31702801
24624916
24624911
39075611
12893983
27180831
12893985
12893984
25640739
2211621
22265638
17317677
39436079
39927599
15286066
17710899
38485815
38584122
24919870
30457672
28688202
14597963
11452243
29441875
27082580
27967318
27967321
16007002
25673568
27967329
18595682
12107620
28819312
26230641
34750329
29441922
20332423
21741447
25051018
21151627
23838604
19873684
19185566
37765034
17645482
21086123
10633132
40452016
24035255
24362944
21479364
16302021
22495174
27377607
28262345
23281610
18268115
24035285
19513315
29540324
24723432
19480553
37306344
29442027
27213804
20725741
30031856
26558451
16203769
21118971
25935875
31932420
15024131
26132489
18300939
21282829
34783250
19841060
23609392
23609393
23609395
32423989
37863485
37929021
15614026
28295243
21479500
26951757
29507678
28622951
21282933
19710077
23052413
23183491
19841156
21676164
19218571
40157325
38551694
18301070
32555152
15089809
25542807
27377818
23773341
22986918
26886310
16531626
31441067
34521259
17875118
27574448
24232129
22495427
26951882
14729419
31342800
27214033
27541716
21512411
28033245
27738344
29343979
16204011
39960813
38158593
20300048
40780049
28950804
17416470
21709081
22462746
38584604
26099996
22462752
22331680
30032160
20562211
25084200
25084201
19841321
26820907
25084203
25084205
38060335
23314736
22626609
15483195
22528326
24265036
34488672
24461666
22462821
27115882
24691060
25346426
23478653
36946317
40616336
38453649
15024534
18334103
26952092
29999516
39338398
26526111
20136356
20136357
18596266
12042667
12042669
6111662
15548849
22331829
20824505
36258237
21545408
27804107
31932875
25215437
21348813
11682257
37372371
12173784
30786012
15483356
38435941
35144161
38289893
34390503
14500339
25182707
8897013
23708174
22954510
26984978
26067485
26100253
26067486
23413280
19644963
22266406
1655344
29737521
24134200
17941052
23216707
8012359
24953421
20595278
23511629
23183958
21348951
19907160
32555608
35799642
28623449
18989660
35668575
19350112
16204390
24101478
17285735
26362473
28820077
10895986
15778422
38519421
9486974
26002049
23970434
16433794
37503628
16433808
17121937
39240338
30720667
29704867
38945446
19874474
18694831
39535282
29967027
36029108
26788534
27738808
26264253
20136638
12698304
18727619
34751173
34423496
40583882
29377228
16433869
40977108
23315174
12075750
21644011
22004471
38126330
31769341
18006781
34816768
19809024
19514130
28689179
19448608
33047329
37307170
19776292
32162598
30425908
21709633
37176129
18629445
24625991
12370763
25805645
7586638
28099407
28427087
23970651
19907421
37864290
34489188
27771748
37143396
21906289
17417073
21513075
18662264
23315321
28689274
12436350
17023870
29148033
39928707
32457604
19088262
25379722
24658827
18662289
3621781
23774101
15057820
27116457
28492729
38421437
23348161
25510856
10535882
22594507
22594510
17220558
15188945
17220563
23249876
10961881
12895196
31507424
29344738
29279204
28885988
21840870
12960748
28591085
15057902
37340142
19481584
12960749
18727922
30458875
21054464
38683649
27673605
29967377
30196760
39240730
28886044
22725663
8602662
20530222
31114289
22725681
29705271
9323575
25969720
16401468
38192190
37372990
19285054
20038723
20038727
24036429
34423897
37209178
19022938
33768542
26068069
27378793
20530282
39011438
7586928
9520251
15221887
14500992
9585799
19448967
28296334
19743889
19219602
39339159
16467099
21808284
21808285
18957472
24167597
10831022
16368820
21447862
18334914
40223939
18334915
21349573
18334918
18334919
22824134
18334920
37569738
38847697
21185752
28951782
37962984
27247849
37078251
15385837
23119086
21677300
38814968
25183481
37045504
22562052
39470346
20694283
17909004
19744011
26133776
26133777
17122579
26461463
16041240
16041243
16270629
21939494
20038957
18728241
18466099
18466100
19023160
29115708
24528196
29279557
24921414
35997001
30983500
26232141
30983501
28525903
30983502
15385937
16631122
12010835
30983508
25412950
22660440
25937240
26232156
25675103
16958828
30983536
21480817
29541744
35997042
17548664
26658169
16172412
30983549
25150845
10208643
39798147
10208648
17286537
10208650
36226442
15746444
37438870
24724887
25970075
24528284
28100007
29738412
26658227
21972404
36718008
29935043
19482054
36193736
39011784
26265035
26265036
17548750
11027924
29443543
18433502
39011815
22889968
18335219
21480951
16631290
28493308
28165634
15713801
20235788
20235791
27182616
23840296
37340713
24888881
31901240
18368069
23807564
11191886
23873118
23873119
23873120
29607533
15091312
25740917
40257143
19940985
18794105
37701253
7554699
26265231
26265235
10471060
38258325
10471063
10471072
16402083
20399780
35079845
33277605
24495780
38946467
15812265
34522797
12043950
18204343
18204346
40781498
20072124
18564801
10798786
37439175
35538637
16402128
24299220
23774940
23774941
17483490
25151207
38553322
23709418
30197492
34096893
34096894
20203262
24037119
26265346
29804290
38848263
17549067
21743374
18597649
22955794
21743379
28329746
7259927
20924183
9389851
15714076
28624668
27281183
9357098
9357099
21186350
22562609
23775025
39569219
19482438
22071118
28952408
27248474
30984031
39896937
26232682
19384171
25347948
19842931
29509491
24332148
37734262
19842935
19842932
14534524
14534525
25937796
26888075
22792082
39667604
34719653
25642918
24102823
18007983
29018032
29575099
40748991
22267851
21317582
12404686
23381968
16205777
30132178
19056598
21120996
22726630
19384296
29935595
10700782
28624888
22398969
28919802
18368507
33802237
39143423
18270208
12371972
26757134
20858905
39012380
39897119
41011233
23545896
19875892
12142644
29444152
28592186
28592191
18958403
24856643
25872459
9357389
22071378
25774163
16238680
39995492
12208234
34523245
36292717
23677058
40290439
34752647
18565259
27805836
28002447
17123473
18827410
27707539
15452306
24725652
20826260
25938071
11552922
21907615
21383334
21383338
20531370
7751854
40159410
39733427
26757307
12142782
40421567
34523354
28625123
18794724
31246565
18794726
29018343
27445478
18794729
18794727
37734636
8538349
28395758
28395759
27052278
36817149
23021822
39864574
25872644
41175304
19450124
16501005
19450125
11553045
27937048
31967515
31967516
27937053
31967518
39078179
23087401
32459054
26003758
27150640
17713466
22006095
22006096
19515727
37898586
20138334
20662624
20859243
20859245
36718958
27314545
18467186
25446771
31738228
38685044
12175731
24627569
14600574
14502278
16697742
19679631
37898643
21186965
22170007
36817304
31803800
20171168
21842338
22890915
20335017
17058217
12732846
26167726
40913328
12208565
20826553
22661571
37702085
10734022
19581389
21481946
19057127
35703273
20007405
31869433
24300029
25348609
11913730
38357508
25348617
25348619
29608462
25381393
28723731
25152019
25545243
17582620
15976989
21940774
11389482
24660534
24496695
22366774
10340921
10340923
27740732
32492095
24889923
20630084
4082245
21711429
26790469
24595013
22071881
24595012
22006347
38259277
29117017
21383771
21383772
12012142
28494448
20335220
28527222
27413118
39832190
28461697
18532997
24038027
29706892
26659468
20040334
20040338
27773592
24070809
12208804
28461741
38980270
25741997
30886581
23546553
17517247
27019981
17681105
19319511
19057372
40848094
38554336
23481061
19286758
18991847
28068583
21121772
37702380
21121774
21121773
21121776
23481074
20728570
25250564
26790665
32295690
25611019
17681167
21121812
22301466
19745563
28330783
22760226
26331942
38685478
24628014
10668847
37014323
17713974
26856247
19057464
17156920
36162369
27052877
20204365
16501586
27282261
36621146
39668580
12634980
19057513
27380588
40029037
27741037
23645042
19319668
23382909
40029062
27020167
19483528
38914966
22760354
24365989
31607718
9653159
25217962
28068779
16763825
25086907
21318593
21449672
21449675
21449676
26856397
26004431
21449681
23874514
18926547
18303965
10636265
41077737
16534507
34491372
29805548
39799793
25676789
27249660
39734275
26135562
23612435
24300566
12438554
22760475
9587740
19483685
23153709
11127854
24595507
32787509
25775161
17189961
28429387
7654478
22629463
14699607
20171873
20827233
22760553
31837295
12799093
21449848
20827267
30100615
23776391
29478026
14765194
20925579
20597903
24595600
26332308
20237460
27217047
27217051
26660002
18664620
37866670
37342387
16960700
27020477
27544765
27511999
29117640
19156168
27839692
16960721
39505105
34327766
18992346
25054431
31902949
28986606
30723313
30723315
22990067
30723321
37047546
26856709
24104197
15879433
31870219
34721043
27806998
27348249
11160862
19713311
26823971
24530212
33410339
28036387
35147047
37637419
15322419
16633140
23842101
25185591
16272700
21384511
16633156
27020614
20368717
20368718
25054547
24956244
22105431
24956252
28134748
24956253
16338275
9686374
16338278
16338280
27217270
10505591
30035323
23973251
39800197
35081606
11586955
22990223
30166422
30363031
16207256
27774364
25677220
36818341
26267044
23580071
24858023
23940523
17223085
32361904
24300978
30428594
24759732
28691890
27381176
15289788
15289789
29052349
1527229
39669197
34295246
25447891
20565459
28560854
40324568
19189210
39996891
26463708
19189212
31149530
17190370
19582440
1396201
31346154
16141802
40422899
15126005
22990331
39898620
27348478
23809542
18828808
27577869
445966
20434452
23940630
39407134
31444512
4574753
25611810
25710119
21712425
20860460
30821933
20860462
20860463
20860465
21810746
16272958
21777984
28659275
40128086
9129563
27938396
28135009
15715938
16797284
23383658
29970035
27676277
21319286
27610747
11751037
17976958
38424191
25677447
28135054
19648156
34328221
26332828
21745312
19648163
24923815
22630058
28004016
33967795
12439220
12439223
12439227
18534082
23809733
2019023
17026773
17387222
15453913
33410778
30920410
37408475
17157856
23252716
23252721
27676404
19779319
40816377
24858363
24891132
35311356
25939711
9391883
11915035
4116253
24727325
15781665
29871907
38293288
29478698
36982571
18403122
16043828
12209976
22007612
18992959
34656068
25120580
21647174
28462920
18075464
21352267
40554316
24497997
28331852
18435918
22695756
18075470
17387341
38752093
26595166
21057378
24399721
33476460
16732015
24498031
22040439
26857335
26070913
24498053
37408649
17616786
22368149
21614492
22892446
22990751
28921760
26398624
23056288
19386276
23646118
19156902
15093672
20664233
12832683
16732084
27578295
11849656
38686648
38293439
24367041
28692418
20107201
27447243
35606478
23941071
20565970
23252946
23252947
21712851
19451862
24858579
14700505
22925276
16732128
27643874
22335459
20140004
15814642
18698229
12668920
40685563
17256449
17715206
17453063
24072198
20631561
19451915
21254157
33968142
21254158
8867869
34983973
23842856
29577257
37146669
28692529
23875638
29282361
28790841
29282363
12668988
29282364
15650881
25710658
16044099
16044105
38686795
22237259
21614669
11882573
26857559
16961627
22106207
14635116
38359166
28594304
23580812
9490575
27119769
21418140
34525346
33247397
26071206
21057703
20107430
20664489
25907378
36851891
20041908
21188787
17289397
29610167
17387701
24268988
35705023
29020356
22761669
23974086
24858822
26792136
16765146
30822619
32559325
25645282
26169577
26071277
26071279
27021566
27382027
20959500
20861217
32559398
35279143
26071337
39899439
6345013
21975350
19845430
26857783
39604537
16863547
38195522
11260227
28135763
38654296
20468063
22565219
24727911
17092969
24465778
39735668
28430710
28430711
32723321
35508605
11522434
23613831
16175507
25285015
6410650
17355169
11063719
22368681
29315502
18305455
19124658
18305461
31510971
22172097
24236482
24236484
24236486
36622792
23318993
39014868
21320153
34689504
36917731
15946211
30101994
39375343
38097396
23417334
18174457
29053440
26202629
23089671
23089673
36229649
27251229
24367646
31969823
25350695
24465960
11817517
23384627
25055799
24695352
38654529
26497601
19321411
39539273
23712329
18600527
17125969
16699986
18600531
18600544
23188068
21287524
15520364
12374640
8835703
8835706
32264830
23876228
19255940
29512326
28594837
10736278
37835423
26104483
33378980
29938344
39768746
23712427
28332719
40948399
37638833
37212851
21811894
15618746
19649213
30528195
22893251
21385923
26792652
29479633
18502356
15553238
38261467
40784610
23548653
27611887
21451505
21451508
30135031
26039043
34525956
27546373
34231053
11555601
29250329
18535201
35115810
24138531
22795047
36983598
35214132
18830133
24433464
20304699
17519421
29053759
28627776
24728385
19845952
24433481
9753421
29610831
24433488
22926161
26366802
18797399
28627804
32461665
32461666
23712614
39703399
26727275
25416559
22041458
20665215
17617792
29152138
22074251
23876492
28791697
18797458
24269714
28791698
21844885
19682195
25514903
9950117
20173735
39539630
21615537
34231218
19846067
38327217
37344179
34001841
26137539
21550019
2741190
25154506
39080918
33608663
40326103
33608664
18306019
39998449
25744370
31773688
19125240
40260602
23942138
28562428
17224704
37114884
24073221
36131844
23778320
23778321
23778325
23778326
24040476
19387424
24663076
26825765
14570538
23712814
17323057
8803381
27415606
17585213
25515069
26334272
21156931
34100292
19387461
32920647
34100299
30889042
38720595
19747927
39081053
28857441
39441506
23909491
21288052
3495027
20075642
25515134
23057546
23057547
5559437
40457359
20665488
30987408
15094935
27382939
25187485
40785054
22500513
19027114
7689389
36394174
20141248
37868740
40424646
23844038
23254216
40195278
17290447
17224914
17224915
11424981
27284701
32232669
26399967
38098143
19387626
15226090
8148222
25122046
26924289
22926595
39048464
10867985
25679126
25744662
22926616
20403483
22664477
22664479
22664480
6018337
18797858
39179559
19158312
10704169
38720807
19682603
38655277
27546928
22271297
40588615
24958282
26072396
15947090
27940179
29578580
25417047
24302953
31610221
16962929
30922102
35280252
30201214
18240904
33805706
23942539
15652243
20338069
20436376
36394393
32920985
23254426
38589850
22369694
40949150
31806881
31806882
21779873
21976485
24401318
22795689
38884784
18798002
23090619
20829635
8181196
16405973
36918744
27284960
32265697
24597986
37639651
17913323
19486190
15128047
15128048
11785712
21321200
21157362
21517810
25056761
37574146
21386754
26367500
38131213
33150478
23090703
28726812
37639712
19191329
19191333
34461232
23418418
25712182
25712183
27809336
25712185
17192506
25712187
10376773
32134726
15980104
22500942
28628558
35608144
28628560
28628559
32331352
26891871
22566498
20633187
19388002
25155176
37148265
32888428
17978999
31250045
9164419
19846789
19289736
23746184
1988236
24336023
29873816
39900827
22566560
40883875
39704240
26334898
26990259
17356468
9918131
15914676
9918137
9918138
19617466
25482940
28694205
37705408
22992578
30430914
31676110
21747410
21747412
9590495
39376610
29415147
36361964
25614061
23221997
18503405
23582453
35968761
38262522
40720122
38819581
20174590
27711230
18241283
32986886
14735111
15849225
20305679
22304537
20403997
10671908
29054760
15226673
19093297
15226675
11753271
11753272
38491961
15226679
23975735
17192767
17192769
37345090
22796099
22304580
9164619
9066328
38000475
23517020
24958824
32462699
29611886
21288825
38360955
24827774
22992768
21747585
20797314
21747589
37607302
19289993
25548683
26138512
37443472
24369049
25089947
36951964
15554460
39212958
26761119
27023264
17258395
19290018
30562214
25515945
20731819
37803948
40884146
15587250
40916919
23222202
17192893
25974723
17192902
29546446
39344086
37935069
28923870
19945438
27023328
16865253
26335211
26531821
19421167
20568049
24729586
17455109
22370314
10770451
10999835
29546524
40917024
26466344
9689128
39540781
21878834
33675323
33675324
33675325
8902717
19683391
19617864
39508042
23025739
27514956
22108237
17324110
17324111
36624463
34789453
36853844
25122903
25286744
38852696
22927450
39147616
36100194
27023460
18602085
26990694
25614447
15521904
22075505
15128701
27482244
10999944
23386248
16439441
39639188
38852760
22075549
30890141
32561311
26335396
27056297
30595243
15784113
35150001
24238261
23648444
24598718
9951426
37574850
10901705
31316169
11294926
1136859
29087970
24434920
27121899
22763757
29382897
22010099
33118454
25712887
40851704
30071039
26237184
21387541
40655132
23353631
25778465
40261922
25778466
25778468
31250727
32037159
27416873
20830509
26433837
30136624
31447353
32004414
7756104
10639689
21911885
18831695
20207952
25155930
25155931
25155932
40130908
25155934
22534499
27548009
26794347
39934320
25188725
19650939
24729984
25385345
39868802
15194512
28367249
25090458
25287072
30431653
39868839
23288236
17848752
16636344
34986431
20732351
33118660
24533444
20470215
27187662
20732371
20863444
17914325
26565076
30661084
10803677
12966368
26663398
19552744
26892777
15522280
21715435
24762860
27122156
26237429
20339191
25647612
40098302
16833023
24336898
38918659
27646467
24205831
28727815
21223952
28006928
29743634
39901718
26630680
24828442
28400155
8018461
22370858
25451051
30464555
21453355
39148087
25647677
16538175
16538176
23616064
36952646
39148102
40786508
22469198
32397904
38951505
20863575
37509727
29252193
28858992
28858994
40983154
25156213
30661239
33446525
22960765
37706370
36526722
33741442
36526723
16013960
30038671
21289623
15358623
32070304
19290789
22174377
22534826
12507820
33774263
19094200
18438841
31513279
18537153
31611591
11950793
23059146
25647819
24533708
24402637
24533707
24533712
22305490
26106580
29317847
22534871
32365274
22436571
38886107
36297437
37542618
23223006
37346013
27810523
16734940
23321318
18504423
33676010
26729200
29121268
30300922
20110084
27581200
17488658
27220761
24107802
12835612
21781277
24763183
22960943
37739311
28367681
17554244
27417418
20339536
38001504
25877345
25025378
19159907
22960998
26696550
21912424
21912425
19225451
27450232
19749757
19749758
23714690
21977987
23190413
29580174
24107927
14998425
12835738
27417511
15784872
39410605
21814190
30366640
18570163
26401715
28072888
23354298
24140730
25877443
20175817
20175818
20143052
21388237
24566734
26401760
21519338
25582575
32496628
25287681
17980418
38525959
39148552
20929549
15555598
26926096
27089937
37149714
23682072
29547545
318493
11557918
40066084
24435759
30628914
30366777
7298112
20634689
27253829
39115847
17226826
28302415
17030231
25615449
17652833
38198369
17226852
31087723
23944300
24927344
22535280
23026813
20962433
16604300
26762380
23649425
22076562
13360274
21781652
16669849
20176026
11721885
11230366
24108193
15457444
22535333
25943212
31055022
37674160
38493369
34528449
27286724
10509530
19684573
31022310
15260906
25681132
19684603
40164603
40983806
14638340
40623366
23551241
20339978
33512723
30858516
26729753
28171547
16244001
36166946
17521963
20831535
21716274
20471098
39214396
15883587
26664259
30989645
25713999
24567120
25714001
25714002
31382864
38821204
25714003
30924126
23289191
21355884
29285751
32562552
24599932
32562573
21159314
17653141
12082589
25976223
12082591
22863269
26566055
38002088
34594217
39771563
25091503
19455410
19946932
33676726
19783098
38297024
10051009
25025989
4644297
18537939
29875668
35446233
37641689
17391071
10739168
21749219
23256547
30694883
19193342
16702979
37772804
27745802
26861072
28663312
24305170
34954768
24469018
24763934
40295977
39673390
19258929
10411572
24141364
22371894
31907389
23944767
36789833
38723157
24403552
23780963
29285995
31186542
39738991
30367352
21192313
39870079
17587850
31940240
30498448
40558232
21192345
21192344
27549341
23748253
20831907
29843110
17325736
15687340
20504240
18308786
19095219
3301042
26730167
37248698
23158458
20504252
17456829
20504258
22765258
20307661
20111055
23518928
17686225
24927955
40328918
17391324
21487324
30334692
40001258
10772204
29318894
40099566
23092981
36134646
20602614
19685112
11525881
26107645
20602621
37510911
14573314
29318930
34234136
19193628
25616159
18341670
24338217
37248824
36790080
10510154
10510155
19193675
11394901
28696411
28696414
28696415
8675169
19193698
28696418
28696419
26959717
8806248
40755048
26107754
22142827
38559593
25321336
22339449
36233089
39346054
26599303
16179085
17194903
25026456
25026457
1138591
17522595
39542691
12476327
40001447
26271661
30334909
23584701
12181437
9199552
30334910
40689604
26075078
18538445
30040020
12640212
14639062
21094359
23846872
21880792
4120538
11034591
27418594
20373477
29450233
20963329
29876232
22700043
22405131
20078613
20078617
16572443
25649181
11755554
28401703
1531950
1531951
16375862
40296506
39477313
41082948
26239045
31350855
40853585
16998491
22274142
22798433
38133857
15655011
417891
37904484
25682022
37576811
15917167
11493496
16146556
27385990
25256070
26042510
23027855
19357842
24404132
15622315
27779245
27779248
26927285
26927288
21029050
38232251
41148602
17457342
26632391
40526024
17948872
6021320
22438096
18997459
24633560
36528349
31744222
9068770
32923881
27287786
28139755
29024493
9429230
17228018
22569203
27320564
27091189
27091191
31973625
21127421
28762371
19259652
18637061
19259653
17555717
11723016
34529545
22044939
40362255
40296719
21782804
26763541
25485598
21127457
23257377
38756645
18702631
12116270
23257391
40362292
26239289
26894651
17588543
28139840
22307138
34529603
22012226
22733128
11854152
39182670
30728528
23880023
11526490
24240480
14508387
23126384
27681143
23585145
25583994
40788345
38953340
17621383
25223561
21094796
21094797
33841551
41017748
23486871
22929815
12509611
17686967
21225912
26862009
22143415
12411325
23159229
16081343
24535487
24535486
27419077
32498119
37151185
10904024
19390945
25715171
19915237
18276838
15262185
24470002
40362483
22241789
21029375
22045187
32367114
21946895
21946896
18407954
24732178
21946898
15229460
15229462
17654295
21127708
29352482
25551397
27353638
37511720
36266537
17031720
27812403
16769590
22012471
20079160
27386433
16769602
25846344
123467
23454283
38298191
12837457
26894931
20669013
30794329
26010205
38822495
21095016
34988655
31220337
28107378
23782005
21521021
21521023
32432768
24699530
31482508
25256590
30106255
23290512
40657553
30106258
27812499
26403473
22471336
27648687
26632884
36496055
25911999
18539200
34464454
21750471
40624839
23651021
23651023
27484880
23651024
23651026
36725456
27058899
23651028
10511062
10511065
21881565
26895070
26141406
22733538
17687269
26469104
26239729
7889656
27190009
30106365
19129086
19030785
30368523
18047755
20538124
40526606
25944848
35873555
39215891
35971863
18473752
28435225
26829596
21455645
34693928
32301865
34693929
27845419
25322286
26075959
39084859
18309947
38560574
36627267
39314259
23159639
20833111
22176616
25060201
36070248
28435308
32531309
22831980
25420659
24929144
21783417
28992386
24667010
21980041
12411786
12411788
9069453
17064846
30237583
30237584
31646624
25846690
40985517
20308917
21685174
33285053
19784640
17032130
18834373
27714501
20505544
25748439
15918040
28730340
21390311
20931559
16638956
32695278
25813999
28664816
24470513
19620853
40002555
32695297
23421954
15590403
29975559
18637831
29615122
24142869
20309015
12968986
19031075
32564268
27747372
12870705
28992563
25846845
19686464
30270535
19620936
27878474
38790220
7693389
17392730
17261659
16868443
20472929
18539621
21357676
18408560
35316848
18408561
18408563
18408564
18408565
21652606
23159934
27911294
10544257
24700034
26928270
40002704
16704656
19883154
40625301
37708952
39576732
8971426
20964522
17851563
17851566
12739761
22144180
31024313
32433338
32433341
25781442
31745220
25257159
22734028
38200532
26371285
26961113
27288795
25224415
22471906
21685474
33350885
27649261
39380207
23061746
27649267
32302325
8807669
26928377
16508157
26830078
26174719
31745289
22045970
26010901
21947681
28763429
23323945
23127338
24667440
27157822
16835904
21882181
38462790
24503627
24733007
12477776
15197523
37479763
21325141
17950035
15590749
27485537
12445030
23029095
30696812
24143213
22111602
22111603
20833655
24601977
20833658
29844858
39576955
22013310
37610885
22537608
11593098
19129747
20833683
20800921
31090079
23422377
12608943
11756990
19195327
24602049
19654083
24438215
38331848
40297930
40330700
19752398
22668755
29189588
18769365
19523031
3335642
28796378
18212314
28370399
15132136
21325291
36988399
31090166
22406652
28960269
20637200
36169235
20637204
25290263
15033882
8742444
19228205
27846189
26568242
27846195
22373943
27452984
25355835
16999998
27747906
18703939
21063236
26994242
26830411
26633805
25224784
26502740
16770646
28763744
29517409
11560558
24077935
27911795
27977332
27977334
21325430
22046326
27977335
38594174
12707459
19719813
27780742
26142345
37611146
15492764
32106141
26044067
26535588
24831655
29451946
30336686
23226031
26306225
38004402
11953843
18474679
27289271
35776183
20833980
34170561
23291588
26666695
39085767
17196743
10643148
25519826
28403410
18769620
18212565
23226070
16475872
39511784
38430457
8414970
26076924
26666748
23783165
16082688
30762755
24897286
24897291
9103127
16115483
21128988
21128989
25487141
29288229
27977511
24241962
38004528
20473659
30304062
19687236
23095111
19752777
38004558
17688403
40036182
35710811
17721180
21915484
28272475
16246623
26699619
36333412
16607077
35710824
23127916
26109805
20309874
33089397
22210422
22210424
23521149
37480318
41052036
37873543
11069321
18605963
19818381
29845393
19031955
15787927
19785625
17622941
18245543
18245544
19752882
19752884
23619509
23619510
27060151
19752885
18212800
27617219
11888582
19228618
20801494
27092952
36038616
15722458
20801498
26863581
37775332
37775333
38889451
8841196
12969965
29550576
15722487
31549442
27027462
19261446
37709837
28502040
23095326
11266078
24274990
30730287
11692083
11692084
2222133
25782327
23652408
25126975
20932673
11757641
12576843
27027531
20965456
22472784
29222992
36890711
34302046
23488607
9562213
25192553
10774634
10774635
34302059
10774639
15525999
28829817
8644731
9103485
26830973
23324805
23324806
24307847
23324807
17918089
9201806
27158673
18540691
19622037
22440088
30992538
21358749
20441246
21358750
21358751
32073889
31320226
12642465
31025317
40560810
30664875
27781293
34990262
15952058
29681852
9103550
19916993
37906625
27486401
19916996
24766668
20048079
37808344
16115929
16115930
22341855
17361120
15952098
17361124
17361129
38824169
17000685
26634478
34957551
33024248
27388155
38791422
34629889
21424386
34629890
27453700
37251339
25323806
26405151
19065121
9726242
38693155
26437921
15591715
24602923
17164591
25585969
22374717
15788353
25618758
32401749
15919447
14707031
24504666
22571356
15526248
39840108
17885551
9333104
15001971
20375926
38562167
19818876
25979262
27388292
28961156
25258374
26438033
39643544
17164697
24668570
34531744
21326246
16214444
30697902
16869811
17885621
17885628
20375999
23652803
25127363
20670920
26339796
28207573
23849431
19392989
21326313
39774699
19589612
21883387
12610044
25717246
12544511
17295875
21391883
21391884
29026840
31058459
24996380
24996381
22735389
30796320
16476706
8612387
29682213
22309416
28469811
22538805
26307125
23816762
40135234
19884611
19458626
34728519
16935512
22735459
25356900
21981797
33548906
32467566
31058543
28371569
31648372
20441720
18836089
28043905
19327620
26503813
26503815
26503818
36268685
11823760
11823761
18180754
27355804
9497245
20507294
21162657
30075559
10611371
1960624
12544691
33876659
26176181
28273335
36727491
29878980
21195460
29911750
18574025
9661139
18377430
32795354
40331998
25815774
16181985
16378601
28732143
3533565
11954942
20179710
17394430
22047493
17197830
24013576
29846282
15100686
9431830
31058715
17165084
39611166
32893730
32893731
17558307
20212518
20212519
26143528
17558310
23128882
18836275
26667829
26667830
15199031
39578425
17460029
22047557
17853254
17001291
14641996
28535629
17001295
17001296
21228368
28470102
28470107
41020253
28470111
32500578
16182121
19884907
38497131
28470127
40004467
40692597
29027195
39218044
15592323
15592325
25652102
15297419
39054222
25422735
38202256
25389973
37940132
26536870
40659880
23423913
39152554
11496364
21359536
23751603
9857976
31124411
19164093
31124413
31124414
31124417
22211527
37678026
27618250
16116691
9595868
26635230
28339166
35253216
20736995
32173028
9858029
27061230
31484910
39382000
28437488
24308720
18574320
16182270
16182272
9923584
23817222
24308755
21490707
26831894
22735900
23358500
26962983
31616045
31616047
18279474
20376628
20376629
29781049
26799162
28044353
27454530
38497347
18050121
22015057
22801493
38661209
26373210
23981149
22506592
20016225
21163112
11037801
11037806
22015088
12151923
12545140
15625333
21851254
10710136
11988088
18443386
8285309
18050183
16542858
27356304
25881752
16870553
21654688
11037857
38071464
30829738
26111149
26242222
26111150
26111152
36891827
12610741
28306618
23686330
21228733
21228734
12152005
12152006
25521355
25521356
20638924
25521358
10448083
16772309
30207196
40332508
21097692
23555300
19786980
21392617
21916909
21851379
40365305
19590397
29256966
35187976
21458191
18443548
40430876
18312490
24702251
36662574
21753138
21261619
27749688
11595069
9399616
24014145
30371142
24440142
21392722
24898899
24407380
4386139
39677280
16969059
19033450
39906671
26930544
41020786
17460606
17460607
17460608
26307969
26799497
12414349
9399694
26307985
18247058
21261721
27749787
22179231
10481059
38628775
37940651
37318060
25587129
9334205
24997317
21491142
22310351
40529360
22310352
22310353
28929491
23588304
36728273
23588310
23588312
23588314
22015451
8941024
8941025
31124962
15166949
23588332
38956524
31649263
39185906
26177012
12709367
16772608
38596098
18443790
18509327
17460754
31649299
35122707
11791895
38071832
10579481
11791898
21196316
37449247
22736425
23686699
22277678
26799664
18214456
16543290
22441531
21327421
20442691
22965830
25554506
24637014
31190621
27422302
10579557
33910375
19000940
26766959
24145522
28601971
38137466
27225724
29748862
29748863
11824767
11595402
25816720
16969362
38137494
16871067
17264302
23097010
17329852
25882300
22310591
25456329
22048466
33124053
27160286
20803296
20573926
15265511
25685741
21917426
36630266
27488001
8220422
8220423
31059723
16609067
17559344
21393201
17559346
17559347
22703928
17329985
27160388
26996548
21786436
17329992
23490377
29650764
17329996
17329997
25096017
26996562
19394386
29650774
11857751
30273369
17723226
23555934
10022751
12709726
10022755
25751398
27160424
21589866
21688171
29781872
12873589
16084854
15855489
27520898
27193222
38203276
34369424
34369425
28340122
32173978
29454235
33386398
21360545
27488176
19034036
18182069
32468916
39350200
21622719
23621569
24080325
18214865
34959317
12185559
29061081
26439641
29061086
38203360
9138151
21819368
39940086
39612420
39055374
16707601
30371861
26406933
23752739
21327909
39350313
16871470
40398900
10580024
24637499
28930109
24113216
19361869
16019535
32731218
16609362
16609363
23588952
19361884
38269022
15888487
12054632
24080498
22179955
24703092
33058932
10612851
23949431
22212731
22212732
38629502
9039999
27488389
20639878
21819538
33124499
31846553
23720091
27717793
29683873
33124517
25850030
28340402
23982262
16675000
26898617
16380089
24703164
22999230
18346175
18346178
21393610
23490763
20574415
29520080
29520081
24899791
26636496
15167702
29126871
33812699
29683944
16543980
27193581
23556336
23556337
16740595
27226358
24768758
18542840
29290749
24080640
29683977
37712142
19132693
34566424
22704413
26833182
22868256
36303140
21590310
22147369
37712172
9433390
31813937
15757620
25948472
28209466
23359804
36630849
27816260
30175559
30306637
40005966
17035598
40235344
39711059
12742999
18542936
40694104
23556445
4190560
23556448
29192552
37810546
21426546
22147445
14643574
16642436
27324805
40071563
23392654
40006034
19755414
17265061
26603945
17625515
21590444
27095468
26407342
23884208
24342961
22573495
28930490
22901187
28373444
25096645
15856070
21164499
26571237
9695718
38728170
25162219
16937451
41054698
16642541
25096692
24637943
33190395
25817604
20017669
20017670
15790597
16314886
19624462
23917080
25915935
16478753
31257122
30700073
27357737
23851570
21787189
26735160
34665019
16413245
21262916
25588294
22901319
31453770
31453772
28045923
19395173
15168101
20116071
22180457
38761068
21099121
17986163
22016628
26407542
7762556
19133059
19755656
27193993
33452682
21262992
18641553
18444945
24048276
16315032
21263010
20640435
28570299
28570300
15790782
40137409
18215618
23753411
22704849
17855192
40268505
34599645
15987423
22475488
35484400
35943164
39580429
31486735
31486736
31486738
20804372
19034904
15627041
19067682
24048425
29193002
38728491
15233837
16249645
21918510
22016816
38826804
21689142
25981758
17429313
14676821
23327575
8287064
18281305
23327576
19395426
37221222
26637161
29160300
33649516
29160302
33649522
33649523
36172660
15201141
41153396
36172669
18183038
24474498
16315267
38859656
38794124
27587472
30831507
16249748
12972956
32371614
32371615
38990762
25621429
25785276
22541248
19297219
24081349
19919814
25752520
35189719
25588704
20083681
9860067
18838503
39580648
28799976
41153516
19002350
23688183
18641915
18347005
24704000
31257615
34173968
29389842
26670100
33846298
15692831
33944612
16249913
26866747
21886016
21361732
14578760
20345939
25850964
21427285
25850965
23065688
37614681
22082652
29881439
9106529
25916517
25916518
9630825
9630826
27653228
35157101
23360626
16020596
19756153
19690618
34075782
19362955
22803597
29488276
28931220
35615896
26244261
27096233
18347181
29914286
18347182
38991024
28406961
29095089
21558457
27096250
29914302
29095107
29095108
9860300
26014925
40400080
19166419
23459029
20837591
9827545
16676068
29914345
19297519
38925553
40432883
38171911
24442125
18609433
38958362
17724700
23033116
40695081
33977649
28112181
27456824
23524664
16938300
25064769
24311107
26244421
20641098
24868171
23426382
25752914
32732498
19952982
40662362
23328091
19428704
16151913
11990381
37811569
30569848
23590265
24704384
20182420
28145050
23688605
12121503
32011683
37451178
32994732
38237612
15037869
25458099
28603840
20673984
30700996
32208328
28210634
24475091
26408409
38598106
22967772
26244574
21951981
30242287
22017528
40564219
37615099
20510210
18576903
26932749
37516818
37156394
28833323
19494443
25622064
28833329
19822137
8648264
30799432
26179145
23361102
25851472
27031121
23426640
20444752
15824464
7829078
18347610
18347611
12809821
22083166
39974498
20837989
26441325
28178031
26211952
23459442
23459444
751223
16610939
27096699
16283274
37451410
22574741
22378156
39319218
23230131
28079798
21362365
8451774
28112584
21362378
40138446
38172377
24475354
10942177
23557865
39024362
23557867
23131881
17233643
23099118
23787247
15136504
19855097
30013178
36239106
27653892
27981573
32077582
26244882
18216723
35878676
15857428
25425682
28440343
38270743
27883292
16906016
16906017
16906020
20084518
27883323
25655103
17725248
28604225
20739906
9369411
23328581
17495879
17495880
23394127
31192912
18511696
31160146
19396436
11007831
26343256
20346718
25556837
23623526
38467432
30799725
25229170
25589620
21919605
39253879
1505152
18184080
25327504
25327507
38238103
37910437
34043814
18806696
29325225
37058477
28506030
22050734
40564659
25687989
32733111
22345656
16021435
12810179
19593158
16611274
19593168
29882324
19724244
17430486
23099353
27752409
32372697
20051929
30898145
25950190
16611310
20838391
18380793
19560446
28342282
23820299
19298317
19625999
25163792
8681489
1669155
12220451
15726636
29947950
20838448
26474553
28604474
32602170
40761401
9435198
16152638
37451842
18544707
25622599
27490376
36829258
18511948
28932176
23394388
23394389
23394390
10877013
19429471
19822698
24836205
22968431
26310775
38729849
12580987
40335484
27195527
29325448
38140040
15825040
25393304
38992025
17725594
6125724
38041757
23296156
20215968
34568359
29259946
25950378
26114223
37288113
14973106
32438452
26376374
21395648
24967362
36305091
21395650
29620434
40761554
20347093
18839779
25065700
32504053
28637434
39811327
27097346
21461252
18544910
27457817
29161757
10352931
21788965
21821736
19921195
23492908
20216107
16677176
14514498
25753936
28834135
22149470
30013790
23656803
11237731
21068134
27523435
22935916
23001453
10975602
25852275
24279416
22641026
37353859
27785604
22641027
22641028
16415111
23132553
23132554
8747407
7862671
40073616
38369687
12515735
28703131
19233181
17955230
19331489
16513443
21625252
18577829
16611750
24312228
37845416
15694263
11401659
22706620
17234366
22706623
12057029
5077447
12057035
20707787
23198157
19036622
39188942
32373204
18708949
15858133
17627617
40958434
26573281
12777968
29751792
39877107
18250228
29260275
23263737
23263738
16841220
28932614
30374408
11434505
11434506
18250251
11434512
38599185
20216337
24508947
21985811
16874005
19429911
28736028
21658141
19429918
21723677
21428768
21428769
11041319
32897581
26311225
25918016
25918017
25000516
18086475
20838991
40237651
28146264
40598106
38992477
9337439
27261537
30767719
38468199
28244604
28605053
29555325
24214141
29588096
24148610
28605058
29653637
20970119
16284304
17431185
17496726
17496727
40958617
17496729
25098908
38369951
31619748
23263912
19659438
16710319
23558838
15792824
40630969
25295552
21887680
33454797
35453646
40008400
35322580
23362284
37550838
19135231
32963330
33356548
39713544
11270921
33356553
39484171
23100173
31324945
30604050
29326107
26213157
24279851
24279852
14711599
24279859
28343093
16153401
25164601
30079801
23952191
31849280
28244805
28244807
28244808
24902474
38206282
23886675
40729427
16513877
29162334
22248286
35158880
20577119
26704739
12876643
21068649
38140786
14515060
20577141
14515062
23100282
26049408
29621122
18971529
24214410
21691274
15367050
10091406
34175889
21527445
25492374
21625751
37976989
32308125
32308129
17267622
32308134
23428009
32209837
26147768
41155512
27098059
17693647
19364831
18021343
24116192
18381794
9829356
21494765
10583026
19299322
33094665
26115082
26115084
19037197
20708365
28638221
7633940
36764694
19201048
20118554
17529887
18349090
33127459
16645157
10484775
24280104
26049584
26049585
23755828
39910453
25558073
20020283
37452859
39091267
32701512
22215752
38009933
23526481
9272410
26770526
15694942
12123234
37551203
12811365
12844134
12811367
12844136
12844137
28834922
16940139
38993001
12844135
20970601
19364970
40172663
24706167
38927494
19692680
32439433
19692684
37256334
19692698
22117530
23985325
39025838
16415921
24018103
22510778
40369345
28245187
24673480
27163851
40795341
19463375
5897424
24378577
24345815
28376280
28933337
26180834
12975335
18349289
23559402
19660010
12942574
20348146
37682427
21495045
39025933
37420302
29392141
27557140
22183189
22248724
33586456
37125403
28769582
26017071
38927668
11697464
11763000
21396799
28278081
11763009
40369478
16153930
18349392
25722197
18349398
27262302
23723360
37289314
12123492
12975461
11926892
11926893
15007088
18349424
25918834
17235330
31423876
39353751
26803611
27426203
21691803
23133602
14646691
20807074
29097388
29457840
20643254
25361850
15695296
38174147
15138244
17989061
24706503
28212683
28409297
15203796
10354134
12451290
22379997
27557342
22379998
40926693
34864618
29785580
25296365
18775538
24444405
17989110
24444407
24444408
22281720
28704257
20872712
24968714
26967565
38501904
26967570
26902034
27622933
37846549
19365399
19365400
19365401
37551646
17038883
24477223
21167658
21331500
20348464
23166513
29720126
10190398
19299905
25919042
29523524
41057866
29425227
25755212
36601426
23658070
18021981
20938339
35880550
10780263
35880554
22543981
34504302
32407152
35880564
21233271
32472697
40402555
35815036
27590272
15007363
21823108
8093319
25919112
21593735
15007373
16678543
16678544
25919121
2915989
9174682
8257179
20643483
21593757
2293406
37551775
22838948
22838949
22838950
26214065
27655857
32538291
30506673
23559864
12189368
38928058
30506689
22445761
30211780
29458119
26083016
23953100
14745298
31260374
15761113
20938465
31293154
17596133
19005160
29621993
23592691
23756537
21233402
20840187
40206080
17563401
20479755
36798219
17923851
32800527
21987091
28540692
29785881
24968986
38469410
27524899
20709156
26378035
15728438
10190648
39714624
23920449
18382661
26771271
15073101
21659470
18579277
24739669
14614357
24018773
22183771
19005277
21856096
31981411
33750887
27262824
18677622
25624441
21725053
38928254
25427841
37126018
22249355
27983768
25001882
25001883
21102498
27918244
22871975
26083242
22151084
18317231
40959922
15499191
22871995
31686588
25558979
25558980
31686598
33030089
20578254
16220110
16220112
11829201
28049362
34635730
36863950
38502357
20479955
37715926
22577108
23691226
19496924
37257181
17203168
26705892
27918309
37552102
26902503
21725156
12746736
29589488
22740981
29327356
21430269
