              precision    recall  f1-score   support

           0     1.0000    1.0000    1.0000       119
           1     1.0000    1.0000    1.0000         6
           3     1.0000    0.9726    0.9861        73
           4     0.0000    0.0000    0.0000         1
           5     0.0000    0.0000    0.0000         0
           6     0.0000    0.0000    0.0000         1
           7     0.0000    0.0000    0.0000         1
           8     1.0000    1.0000    1.0000         1
           9     1.0000    1.0000    1.0000         2
          10     1.0000    1.0000    1.0000         8
          12     1.0000    1.0000    1.0000         9
          15     1.0000    1.0000    1.0000         1
          16     1.0000    1.0000    1.0000         1
          19     1.0000    1.0000    1.0000         3
          20     1.0000    1.0000    1.0000         3
          21     1.0000    1.0000    1.0000         1
          22     1.0000    0.8750    0.9333         8
          23     1.0000    1.0000    1.0000        12
          24     0.0000    0.0000    0.0000         0
          32     1.0000    0.5000    0.6667         2
          34     1.0000    1.0000    1.0000       324
          35     0.0000    0.0000    0.0000         1
          38     1.0000    1.0000    1.0000       527
          40     1.0000    1.0000    1.0000         2
          42     0.0000    0.0000    0.0000         0
          43     1.0000    1.0000    1.0000         1
          44     1.0000    1.0000    1.0000         1
          45     1.0000    1.0000    1.0000         4
          46     1.0000    1.0000    1.0000         1
          50     1.0000    1.0000    1.0000         1
          51     0.9818    1.0000    0.9908        54
          52     1.0000    1.0000    1.0000         2
          53     0.7143    1.0000    0.8333         5
          55     1.0000    1.0000    1.0000         1
          56     0.0000    0.0000    0.0000         1
          60     1.0000    1.0000    1.0000         1
          61     0.0000    0.0000    0.0000         1
          62     1.0000    1.0000    1.0000         1
          63     1.0000    1.0000    1.0000         1
          64     1.0000    0.8571    0.9231         7
          66     0.0000    0.0000    0.0000         1
          68     1.0000    1.0000    1.0000         1
          69     1.0000    1.0000    1.0000        27
          70     0.9600    1.0000    0.9796        48
          71     1.0000    0.8333    0.9091         6
          73     1.0000    1.0000    1.0000         4
          74     0.9963    1.0000    0.9981       269
          82     0.0000    0.0000    0.0000         1
          84     1.0000    1.0000    1.0000       231
          86     1.0000    1.0000    1.0000        16
          87     0.7500    1.0000    0.8571         3
          88     0.6667    0.6667    0.6667         3
          89     0.6667    0.8000    0.7273         5
          92     1.0000    1.0000    1.0000        29
          97     1.0000    1.0000    1.0000         2
          98     1.0000    1.0000    1.0000         1
          99     1.0000    1.0000    1.0000         2
         100     1.0000    1.0000    1.0000         6
         101     1.0000    1.0000    1.0000         1
         102     1.0000    1.0000    1.0000        48
         104     1.0000    1.0000    1.0000       104
         105     0.0000    0.0000    0.0000         1
         107     0.8750    1.0000    0.9333         7
         108     1.0000    1.0000    1.0000         3
         109     1.0000    1.0000    1.0000         8
         110     0.8333    1.0000    0.9091         5
         111     1.0000    1.0000    1.0000         4
         112     1.0000    1.0000    1.0000         4
         113     1.0000    0.6667    0.8000         3
         115     1.0000    1.0000    1.0000       135
         116     1.0000    1.0000    1.0000       621
         118     0.0000    0.0000    0.0000         2
         120     0.8182    1.0000    0.9000         9
         121     1.0000    1.0000    1.0000         2
         122     1.0000    0.9231    0.9600        13
         123     1.0000    1.0000    1.0000         1
         124     1.0000    1.0000    1.0000         3
         125     1.0000    1.0000    1.0000         2
         126     1.0000    1.0000    1.0000         2
         128     1.0000    1.0000    1.0000         2
         129     0.8333    1.0000    0.9091         5
         131     1.0000    1.0000    1.0000        10
         132     0.9524    1.0000    0.9756        20
         133     1.0000    1.0000    1.0000         1
         134     1.0000    1.0000    1.0000         1

    accuracy                         0.9927      2860
   macro avg     0.8241    0.8246    0.8219      2860
weighted avg     0.9913    0.9927    0.9917      2860
